1 1 1 1 1 1 1 1 1 1 1 1 1 1 1 1 1 1 1 1
1 106 0 0 0 0 0 10 0 0 0 0 0 0 0 0 0 0 0 1
1 1 1 1 1 1 1 1 1 0 1 1 1 1 1 1 1 1 0 1
1 1 1 1 0 0 0 0 1 0 1 12 0 0 0 0 0 1 0 1
1 0 0 0 0 1 1 0 1 0 1 1 1 0 1 1 0 1 10 1
1 0 1 1 0 1 1 0 1 0 1 12 1 0 1 1 10 1 0 1
1 0 1 1 0 1 12 0 1 0 1 0 1 0 0 1 0 1 0 1
1 0 1 1 0 1 1 0 1 0 1 0 1 1 0 1 0 1 0 1
1 0 12 1 0 1 10 0 1 0 1 0 1 1 0 1 0 1 0 1
1 1 1 1 0 1 1 1 1 0 1 0 1 1 0 1 0 1 0 1
1 0 0 0 0 0 0 0 0 0 1 0 1 1 0 1 0 1 0 1
1 1 1 1 1 1 1 1 1 0 1 0 1 1 0 1 0 1 0 1
1 0 0 0 1 0 0 0 1 0 1 0 1 0 0 1 0 1 0 1
1 0 1 0 1 0 1 0 1 0 1 0 1 0 0 1 0 1 0 1
1 0 1 0 10 0 1 0 1 0 1 0 1 107 0 1 0 1 0 1
1 0 1 1 1 1 1 0 1 0 1 0 1 1 1 1 0 1 0 1
1 0 0 0 0 0 0 0 1 0 0 0 0 0 0 0 0 1 0 1
1 0 1 1 1 1 1 1 1 1 1 1 1 1 1 1 1 1 0 1
1 0 0 0 0 10 0 0 0 0 0 0 0 0 0 0 0 0 0 1
1 1 1 1 1 1 1 1 1 1 1 1 1 1 1 1 1 1 1 1
