2 2 2 2 2 2 2 2 2 2 2 2 2 2 2 2 2 2 2 2 2 2 2 2 2 2 2 2 2 2 2 2 2 2 2 2 2 2 2 2 2
2 103 0 0 0 2 2 2 2 2 2 2 2 2 2 2 2 2 2 2 2 2 2 2 2 2 2 2 2 2 2 2 2 2 2 2 2 2 2 2 2
2 0 0 0 0 0 2 2 2 2 2 2 2 2 2 2 2 2 2 2 0 0 0 10 0 0 0 0 0 2 2 2 2 12 2 2 0 0 102 0 2
2 2 0 0 0 0 0 0 2 2 2 2 2 2 2 2 2 2 2 0 0 0 0 0 0 0 0 0 0 2 2 2 2 0 0 0 0 0 0 0 2
2 2 2 2 2 0 0 0 2 2 2 2 2 2 2 2 2 0 0 0 0 0 0 0 0 0 0 0 0 2 2 2 2 0 0 0 0 0 0 0 2
2 2 2 2 2 0 0 0 2 2 2 2 2 2 2 12 0 0 0 0 2 2 2 2 2 2 0 0 0 0 2 2 2 0 0 2 2 2 2 2 2
2 2 2 2 2 0 0 0 2 2 2 2 2 2 2 0 0 0 0 0 2 2 2 2 2 2 0 0 0 0 2 2 0 0 0 0 0 2 2 2 2
2 2 2 2 2 2 0 0 0 0 0 0 2 2 0 0 0 0 0 0 2 2 2 2 2 2 2 0 0 0 0 0 0 2 0 0 0 2 2 2 2
2 2 2 2 2 2 0 0 0 0 0 0 0 0 0 0 0 0 0 0 2 2 2 2 2 2 2 12 2 0 0 0 0 2 0 0 0 2 2 2 2
2 2 2 2 2 2 2 0 0 0 0 0 0 0 0 0 0 0 0 0 2 2 2 2 2 2 2 2 2 0 0 0 2 2 0 0 0 2 2 2 2
2 2 2 2 2 2 2 2 2 2 2 2 2 2 2 2 0 0 0 0 0 2 2 2 2 2 2 2 2 2 2 2 2 2 2 0 0 2 2 2 2
2 2 2 2 2 2 2 2 2 2 2 2 2 2 2 2 0 0 0 0 0 2 2 2 2 2 2 2 2 2 2 2 2 2 0 0 0 2 2 2 2
3 3 5 3 3 4 3 3 5 3 3 3 4 2 2 2 6 6 6 6 6 2 2 2 2 2 2 2 2 2 2 2 2 0 0 0 2 2 2 2 2
3 4 3 5 3 3 4 3 3 5 3 3 3 2 2 2 6 6 6 6 6 2 2 2 2 2 2 2 2 2 2 2 2 0 0 0 0 0 0 0 2
3 3 4 3 5 3 3 4 3 3 5 3 3 4 3 3 3 6 6 6 3 3 2 2 2 2 2 2 2 2 2 2 2 0 0 0 0 0 0 0 2
3 3 3 4 3 5 3 3 4 3 3 5 3 3 4 3 3 6 6 6 3 3 3 4 3 3 3 3 2 2 2 2 2 0 0 10 4 3 3 3 3
3 3 3 3 4 3 5 3 3 4 3 3 5 3 3 4 3 6 6 6 3 3 3 3 4 3 3 3 2 2 2 2 3 0 0 0 3 4 3 3 3
3 3 3 3 3 4 3 5 3 3 4 3 3 5 3 3 4 6 6 6 5 3 3 3 3 4 3 3 3 5 3 4 3 0 0 0 3 3 4 3 3
2 2 2 2 2 2 2 2 5 3 3 4 3 3 5 3 3 6 6 6 3 5 3 3 3 3 4 3 3 3 5 3 4 3 0 0 5 3 3 4 3
2 2 2 2 2 2 2 2 3 5 3 3 4 3 3 5 3 6 6 6 3 3 5 3 3 3 3 4 3 3 3 5 3 7 0 0 3 5 3 3 4
2 2 2 2 2 2 2 2 2 2 5 3 3 4 3 3 5 6 6 6 4 3 3 5 3 3 3 3 4 3 3 3 5 7 7 4 3 3 5 3 3
2 2 2 2 2 2 2 2 2 2 3 5 3 3 4 3 3 6 6 6 3 4 3 3 5 3 3 3 3 4 3 3 3 7 3 3 4 3 3 5 3
2 2 2 2 2 2 2 2 2 2 2 2 5 3 3 4 3 6 6 6 3 3 4 3 3 5 3 3 3 3 4 3 3 7 10 3 3 4 3 3 5
2 2 2 2 2 2 2 2 2 2 2 2 3 5 3 3 4 6 6 6 3 3 3 4 3 3 5 3 3 3 3 4 3 7 0 0 3 3 4 3 3
2 2 2 2 2 2 2 2 2 2 2 2 2 0 0 0 6 6 6 6 6 0 0 0 2 2 2 2 3 3 3 3 4 0 0 0 0 0 0 0 2
2 2 2 2 2 2 2 2 2 2 2 2 2 0 0 0 6 6 6 6 6 0 0 0 2 2 2 2 3 3 3 3 0 0 0 0 0 0 2 2 2
2 2 2 2 2 2 2 2 2 2 2 2 2 0 0 0 0 0 0 0 0 0 2 0 2 2 2 2 0 0 0 0 0 0 0 0 0 0 2 2 2
2 2 2 2 2 2 2 2 2 2 2 2 2 2 2 0 0 0 2 2 2 2 2 2 2 2 2 2 2 2 0 2 2 2 0 0 2 0 2 2 2
2 2 2 2 2 2 2 2 0 0 0 2 0 0 0 0 0 0 2 2 2 0 0 0 2 2 2 2 2 2 0 2 2 2 0 0 2 0 0 0 2
2 2 2 2 2 0 0 0 0 0 0 2 0 0 0 0 0 2 2 0 0 0 2 0 0 2 2 2 0 0 0 0 0 0 0 0 2 0 0 0 2
2 2 2 0 0 0 0 0 0 0 12 0 0 0 0 0 0 2 0 0 2 2 2 2 0 2 2 0 0 2 2 2 2 0 0 0 0 0 0 0 2
2 2 2 0 0 0 2 2 2 2 0 0 0 0 0 2 2 2 0 2 2 2 2 2 0 0 2 0 0 2 2 2 2 0 0 0 0 0 2 0 2
2 0 0 0 0 0 2 2 2 2 0 0 0 0 2 2 2 0 0 0 0 2 2 2 2 0 2 0 0 2 2 2 2 0 0 0 0 0 2 0 2
2 0 0 0 0 0 2 2 2 2 0 2 2 0 2 2 2 11 0 0 0 2 2 0 0 0 0 0 0 0 0 0 0 0 0 2 2 0 0 0 2
2 0 101 0 2 2 2 2 2 2 2 2 2 2 2 2 2 0 0 0 0 2 0 0 0 2 0 2 0 0 0 0 0 0 0 2 2 0 0 0 2
2 0 0 0 0 2 2 2 2 2 2 2 2 2 2 2 2 0 0 0 52 30 0 0 0 2 2 2 0 0 0 10 0 0 0 0 0 0 0 12 2
2 0 0 0 0 2 2 2 2 2 2 2 2 2 2 2 2 0 0 0 0 0 0 2 2 2 2 2 0 0 0 0 0 0 0 0 0 0 0 0 2
2 2 2 2 2 2 2 2 2 2 2 2 2 2 2 2 2 2 2 2 2 2 2 2 2 2 2 2 2 2 2 2 2 2 2 2 2 2 2 2 2
