1 1 1 1 1 1 1 1 1 1 1 1 1 1 1 1 1 1 1 1
1 0 0 0 0 0 0 0 0 0 0 0 0 0 0 0 0 0 0 1
1 0 0 1 1 1 1 1 1 1 1 1 1 1 0 1 1 1 0 1
1 0 0 1 0 0 0 0 0 0 0 1 0 0 0 0 0 1 0 1
1 0 0 1 0 1 1 1 1 0 0 1 1 1 1 1 0 1 0 1
1 0 0 0 0 1 0 0 0 0 0 1 12 0 0 1 0 1 0 1
1 0 0 1 0 1 0 0 1 1 1 1 1 1 0 1 12 1 0 1
1 0 0 1 0 1 0 0 1 0 0 0 0 1 0 1 0 1 0 1
1 0 0 1 1 1 0 0 1 0 0 0 0 1 0 1 1 1 0 1
1 0 0 1 10 0 0 0 0 0 0 0 0 1 0 1 0 1 0 1
1 0 0 1 0 0 0 0 0 0 0 105 0 1 0 1 0 1 0 1
1 0 0 1 1 1 1 1 1 0 0 0 0 1 0 1 0 1 0 1
1 0 0 0 0 1 0 0 1 0 0 0 0 1 0 1 0 1 0 1
1 0 0 1 0 1 0 0 1 1 1 1 1 1 0 1 0 1 0 1
1 0 0 1 0 1 0 0 0 0 0 0 0 0 12 1 0 1 0 1
1 0 0 1 0 1 1 1 1 1 1 1 0 1 1 1 0 1 0 1
1 0 0 1 0 0 0 0 0 0 0 0 0 0 0 0 0 1 0 1
1 1 1 1 1 1 1 1 1 1 1 1 1 1 1 1 1 1 0 1
1 104 0 0 0 0 0 0 0 0 0 0 0 0 0 0 0 0 0 1
1 1 1 1 1 1 1 1 1 1 1 1 1 1 1 1 1 1 1 1
